GridUnitTests/bin/Debug/net472/DSAANew.grd
DSAA
42 42
-100 105
-100 105
-19.733366012573 801.535766601563
[rows 0 to 20 of 42, columns 0 to 41 of 42]
-1.49516522884369 -1.61086404323578 -1.73589777946472 -1.87067210674286 -2.01546931266785 -2.1703953742981 -2.33532047271729 -2.50980877876282 -2.69304823875427 -2.88378190994263 -3.08025026321411 -3.28015947341919 -3.48068118095398 -3.67849969863892 -3.86991000175476 -4.0509672164917 -4.21767902374268 -4.36622047424316 -4.4931492805481 -4.59559774398804 -4.67141580581665 -4.71925210952759 -4.73857450485229 -4.72963190078735 -4.6933765411377 -4.63135671615601 -4.54560470581055 -4.43852138519287 -4.31276798248291 -4.17116785049438 -4.01661729812622 -3.85199952125549 -3.68011450767517 -3.50361132621765 -3.32493329048157 -3.14627695083618 -2.96956253051758 -2.79642009735107 -2.62818789482117 -2.46592116355896 -2.31041264533997 -2.16221690177917
-1.57271468639374 -1.69937968254089 -1.8370007276535 -1.98618578910828 -2.14742112159729 -2.32100605964661 -2.50697445869446 -2.705002784729 -2.91430950164795 -3.13355350494385 -3.3607439994812 -3.59317898750305 -3.82742834091187 -4.0593843460083 -4.28438711166382 -4.49742889404297 -4.69342660903931 -4.86752843856812 -5.01542377471924 -5.13360261917114 -5.21954679489136 -5.27181577682495 -5.29003858566284 -5.27482748031616 -5.22763395309448 -5.15058755874634 -5.04633235931396 -4.91788196563721 -4.76849126815796 -4.60155200958252 -4.42049694061279 -4.22871398925781 -4.02946853637695 -3.82583141326904 -3.62061786651611 -3.41633820533752 -3.21516609191895 -3.01892256736755 -2.82907700538635 -2.64676117897034 -2.4727954864502 -2.30772137641907
-1.65200579166412 -1.79039418697357 -1.94159173965454 -2.10646867752075 -2.28578472137451 -2.48011088371277 -2.68972849845886 -2.91450786590576 -3.15376782417297 -3.40612626075745 -3.66935920715332 -3.94029068946838 -4.21474409103394 -4.48758697509766 -4.75289344787598 -5.0042290687561 -5.23504304885864 -5.43912029266357 -5.61103010177612 -5.74649953842163 -5.84265518188477 -5.89810514450073 -5.9128680229187 -5.88818454742432 -5.82627439498901 -5.73007488250732 -5.60301923751831 -5.44885301589966 -5.27150201797485 -5.0749716758728 -4.86326265335083 -4.64029455184937 -4.40982723236084 -4.17538404464722 -3.94018197059631 -3.70707273483276 -3.47850513458252 -3.25650429725647 -3.04267477989197 -2.8382203578949 -2.64397692680359 -2.46045565605164
-1.73251163959503 -1.88333714008331 -2.04907250404358 -2.23092246055603 -2.43000793457031 -2.64727377891541 -2.88336396217346 -3.13846135139465 -3.41209530830383 -3.70292353630066 -4.00851154327393 -4.32514524459839 -4.64771842956543 -4.96975994110107 -5.28363752365112 -5.58095932006836 -5.85315704345703 -6.09216833114624 -6.29111051559448 -6.44482374191284 -6.55018043518066 -6.60612964630127 -6.61349058151245 -6.57458257675171 -6.49279642105103 -6.37219095230103 -6.21718645095825 -6.03235960006714 -5.82233381271362 -5.59171390533447 -5.345046043396 -5.08676433563232 -4.8211236000061 -4.55211687088013 -4.28338861465454 -4.01816272735596 -3.75918745994568 -3.50871014595032 -3.26847791671753 -3.03976249694824 -2.82340383529663 -2.61986422538757
-1.81359004974365 -1.97748935222626 -2.15865612030029 -2.35871434211731 -2.57925462722778 -2.82172727584839 -3.08729362487793 -3.37661957740784 -3.68961477279663 -4.02511739730835 -4.38055610656738 -4.75162649154663 -5.13207340240479 -5.5136547088623 -5.88639068603516 -6.23914384841919 -6.56050157546997 -6.83983945846558 -7.06837034225464 -7.2399525642395 -7.35148525238037 -7.40283679962158 -7.39636707305908 -7.33621597290039 -7.22755527496338 -7.07597160339355 -6.88706350326538 -6.66625833511353 -6.41878080368042 -6.1497015953064 -5.86398506164551 -5.56649208068848 -5.26193141937256 -4.95476293563843 -4.64908599853516 -4.34853363037109 -4.05619239807129 -3.77455973625183 -3.50554203987122 -3.25048160552979 -3.01021289825439 -2.78513121604919
-1.89447891712189 -2.07197308540344 -2.26934671401978 -2.4887421131134 -2.73234820365906 -3.0022873878479 -3.3004424571991 -3.62820196151733 -3.98611235618591 -4.37343263626099 -4.7876124382019 -5.22375965118408 -5.67420768737793 -6.12835168838501 -6.57292366027832 -6.99282836914063 -7.37252330780029 -7.69773292541504 -7.95713567733765 -8.14360809326172 -8.25471591949463 -8.29236030578613 -8.26175594329834 -8.17008018493652 -8.02518653869629 -7.83467388153076 -7.60541439056396 -7.34349393844604 -7.05440473556519 -6.74332427978516 -6.41533660888672 -6.07553100585938 -5.72897338867188 -5.3805775642395 -5.03493595123291 -4.69615411758423 -4.36771965026855 -4.05243492126465 -3.75239777565002 -3.46903777122498 -3.20318245887756 -2.95514512062073
-1.97429966926575 -2.16574764251709 -2.3799262046814 -2.61960339546204 -2.88771605491638 -3.18726062774658 -3.52110576629639 -3.89169073104858 -4.30058002471924 -4.74784421920776 -5.23127460479736 -5.7455005645752 -6.28118085861206 -6.82454013824463 -7.35760688781738 -7.85942029953003 -8.30824279785156 -8.68441963195801 -8.97320365905762 -9.16673278808594 -9.26459407806396 -9.27283763885498 -9.2018461227417 -9.06380653381348 -8.87052249908447 -8.63206768035889 -8.35637664794922 -8.04955577850342 -7.71657466888428 -7.36197996139526 -6.99041748046875 -6.60686206817627 -6.21658849716187 -5.82496118545532 -5.43714761734009 -5.05784130096436 -4.69105005264282 -4.33997535705566 -4.00697469711304 -3.6936023235321 -3.40069198608398 -3.12847065925598
-2.05206727981567 -2.25761747360229 -2.48895239830017 -2.74957823753357 -3.04334354400635 -3.37435388565063 -3.74679136276245 -4.16458320617676 -4.63086080551147 -5.14712905883789 -5.71211338043213 -6.32032203674316 -6.96054840087891 -7.61478042602539 -8.25819110870361 -8.86086177825928 -9.39141845703125 -9.82199192047119 -10.1331272125244 -10.3170480728149 -10.3781566619873 -10.3306322097778 -10.1940841674805 -9.98882579803467 -9.73223304748535 -9.43698215484619 -9.11109256744385 -8.75917148590088 -8.38407897949219 -7.98841762542725 -7.57548570632935 -7.14965057373047 -6.71623849868774 -6.28112888336182 -5.85024929046631 -5.42910480499268 -5.02243185043335 -4.63399887084961 -4.2665433883667 -3.92181658744812 -3.60069537162781 -3.30333018302917
-2.12671065330505 -2.34625267982483 -2.59477615356445 -2.87663221359253 -3.19674921035767 -3.56059813499451 -3.97405815124512 -4.44309949874878 -4.97317934036255 -5.56819438934326 -6.22884941101074 -6.95037269592285 -7.71980237960815 -8.51356601715088 -9.29668617248535 -10.0251178741455 -10.6519212722778 -11.136194229126 -11.4519577026367 -11.5936851501465 -11.5763053894043 -11.4296531677246 -11.1895914077759 -10.8892440795898 -10.5531778335571 -10.1956281661987 -9.82205200195313 -9.43239784240723 -9.02458477020264 -8.59715938568115 -8.15079879760742 -7.68869924545288 -7.21618938446045 -6.73992204666138 -6.26697397232056 -5.80406999588013 -5.35703039169312 -4.93046760559082 -4.5276927947998 -4.15077829360962 -3.80071353912354 -3.4776017665863
-2.197105884552 -2.43022513389587 -2.69558000564575 -2.99845290184021 -3.34500193595886 -3.74231648445129 -4.19838523864746 -4.72187566757202 -5.32155656814575 -6.0051097869873 -6.77696800231934 -7.63483667373657 -8.56489372253418 -9.53662967681885 -10.4998626708984 -11.3875350952148 -12.1265344619751 -12.6545333862305 -12.9366416931152 -12.9749088287354 -12.8065147399902 -12.4911613464355 -12.0928897857666 -11.663950920105 -11.2363023757935 -10.8215675354004 -10.4165964126587 -10.0108127593994 -9.59261894226074 -9.15357875823975 -8.69028377532959 -8.20439910888672 -7.70157432556152 -7.18989324569702 -6.67833518981934 -6.17553663253784 -5.6889705657959 -5.22451686859131 -4.78635406494141 -4.37706279754639 -3.99785304069519 -3.64883828163147
-2.26211929321289 -2.50806713104248 -2.78944873809814 -3.11252808570862 -3.48479795455933 -3.91517186164856 -4.41413021087646 -4.99371433258057 -5.66716337203979 -6.44779920578003 -7.34648990631104 -8.36674022674561 -9.49657440185547 -10.6978645324707 -11.8975915908813 -12.9898529052734 -13.8557033538818 -14.3966751098633 -14.566840171814 -14.3886528015137 -13.9457225799561 -13.354398727417 -12.7261638641357 -12.1385536193848 -11.6254415512085 -11.1843194961548 -10.7912569046021 -10.4154396057129 -10.0294437408447 -9.6146125793457 -9.16247653961182 -8.67359447479248 -8.15507984161377 -7.61781311035156 -7.07397794723511 -6.53521823883057 -6.01149940490723 -5.51057195663452 -5.0378851890564 -4.59678649902344 -4.18885898590088 -3.81431007385254
-2.32066202163696 -2.5783429145813 -2.87446808815002 -3.2162766456604 -3.61262226104736 -4.07434225082397 -4.61465835571289 -5.24953508377075 -5.99778985977173 -6.88048219680786 -7.91857194900513 -9.12691307067871 -10.5016565322876 -11.999171257019 -13.5125846862793 -14.8676986694336 -15.8620309829712 -16.336540222168 -16.2371520996094 -15.6373023986816 -14.7165184020996 -13.6974458694458 -12.7664918899536 -12.0238437652588 -11.4829664230347 -11.1006593704224 -10.8109827041626 -10.5496425628662 -10.2670049667358 -9.93247985839844 -9.53351306915283 -9.07179260253906 -8.55848503112793 -8.0097017288208 -7.44286346435547 -6.87419462203979 -6.31729078292847 -5.782555103302 -5.27722120285034 -4.80572032928467 -4.37020111083984 -3.97107434272766
-2.37174820899963 -2.63973617553711 -2.94885039329529 -3.30722856521606 -3.72500228881836 -4.21486139297485 -4.79275989532471 -5.47875308990479 -6.29783725738525 -7.28038692474365 -8.46104145050049 -9.87314796447754 -11.5322847366333 -13.398512840271 -15.3169736862183 -16.9874114990234 -18.0500984191895 -18.2555732727051 -17.571102142334 -16.190580368042 -14.4860239028931 -12.8739700317383 -11.639609336853 -10.8634185791016 -10.4746437072754 -10.3391971588135 -10.3211574554443 -10.3119125366211 -10.2387065887451 -10.062762260437 -9.77277946472168 -9.37693309783936 -8.89510822296143 -8.35239124298096 -7.7742657661438 -7.18355512619019 -6.59887170791626 -6.03418350219727 -5.49908447265625 -4.99944734573364 -4.53819704055786 -4.11607074737549
-2.41455268859863 -2.69113659858704 -3.01107096672058 -3.38323926925659 -3.81884217262268 -4.33213567733765 -4.94142198562622 -5.67034912109375 -6.54951572418213 -7.61811828613281 -8.92464733123779 -10.5234336853027 -12.4577741622925 -14.7051067352295 -17.0460834503174 -18.9381084442139 -19.7333660125732 -19.128059387207 -17.2512454986572 -14.5492525100708 -11.7447996139526 -9.57554054260254 -8.36484622955322 -8.00027179718018 -8.19295883178711 -8.65951824188232 -9.18398380279541 -9.62381362915039 -9.89889430999756 -9.97722434997559 -9.86104106903076 -9.57441997528076 -9.15288734436035 -8.635422706604 -8.05895233154297 -7.45515871047974 -6.8491325378418 -6.25932216644287 -5.69824695587158 -5.1735577583313 -4.68916034698486 -4.24624013900757
-2.44845843315125 -2.73171758651733 -3.05999350547791 -3.44269990921021 -3.89178442955017 -4.42257213592529 -5.05492115020752 -5.81475734710693 -6.73596239089966 -7.86212873458862 -9.24620628356934 -10.9413967132568 -12.9646110534668 -15.1974773406982 -17.212646484375 -18.0928230285645 -16.9779815673828 -14.0446586608887 -10.0450162887573 -5.86103296279907 -2.61108660697937 -1.20318818092346 -1.45636236667633 -2.6766209602356 -4.28592538833618 -5.91475629806519 -7.3480019569397 -8.47360897064209 -9.24908351898193 -9.67918014526367 -9.79931449890137 -9.66223526000977 -9.32735729217529 -8.85281276702881 -8.29028701782227 -7.6823582649231 -7.06182670593262 -6.45235204696655 -5.86980438232422 -5.32386445999146 -4.81957006454468 -4.35865497589111
-2.47308278083801 -2.760981798172 -3.09495449066162 -3.48469543457031 -3.94250869750977 -4.4841570854187 -5.12997770309448 -5.90622282028198 -6.84619283676147 -7.98924970626831 -9.37001609802246 -10.9660549163818 -12.4597625732422 -12.1226186752319 -4.40539360046387 8.3226900100708 19.3638572692871 28.5246124267578 34.4586639404297 31.9149341583252 23.6336669921875 16.5175952911377 10.5415830612183 5.47657918930054 1.23671877384186 -2.22171497344971 -4.9381365776062 -6.96280097961426 -8.36168670654297 -9.2155065536499 -9.6149730682373 -9.65410900115967 -9.42337989807129 -9.00410079956055 -8.46492481231689 -7.860511302948 -7.23197555541992 -6.60849285125732 -6.00944042205811 -5.44661426544189 -4.92624378204346 -4.45066022872925
-2.4882800579071 -2.77876996994019 -3.11578631401062 -3.50905752182007 -3.97086000442505 -4.51676416397095 -5.16650104522705 -5.94463634490967 -6.87982225418091 -7.99781227111816 -9.28861141204834 -10.5547161102295 -10.5595865249634 0.800229728221893 198.407684326172 390.569152832031 435.056884765625 456.145263671875 458.186706542969 270.412078857422 84.0823516845703 44.8913993835449 26.7496604919434 15.486517906189 7.62457323074341 1.8908668756485 -2.31171083450317 -5.3254771232605 -7.38527584075928 -8.67700099945068 -9.36081218719482 -9.57857799530029 -9.45455455780029 -9.09409523010254 -8.58281421661377 -7.98712539672852 -7.35607624053955 -6.72403287887573 -6.11364459991455 -5.53868341445923 -5.00649881362915 -4.52000284194946
-2.49411821365356 -2.78522443771362 -3.1227605342865 -3.51628541946411 -3.97773909568787 -4.52202033996582 -5.16746616363525 -5.93561172485352 -6.84801626205444 -7.91214752197266 -9.06405735015869 -9.91312503814697 -8.29396724700928 13.3370609283447 336.720397949219 654.977111816406 728.813537597656 760.809020996094 759.867248535156 453.158355712891 140.573013305664 72.0077972412109 42.0336418151855 24.7177219390869 13.3881216049194 5.53843116760254 -0.0056242304854095 -3.88901519775391 -6.51791906356812 -8.18128395080566 -9.10457992553711 -9.47287178039551 -9.43983745574951 -9.13114070892334 -8.64640712738037 -8.0615873336792 -7.4320969581604 -6.79643726348877 -6.17986297607422 -5.5977258682251 -5.05828714370728 -4.56494903564453
-2.4908332824707 -2.78071713447571 -3.11647295951843 -3.50734949111938 -3.96476531028748 -4.5027060508728 -5.13782739639282 -5.88837862014771 -6.76901626586914 -7.77132940292358 -8.79060840606689 -9.31680774688721 -6.77973794937134 17.8599987030029 349.747772216797 679.02001953125 761.292419433594 798.250366210938 798.234436035156 486.005157470703 163.308044433594 86.4822006225586 51.0516662597656 30.3529968261719 16.9454956054688 7.80230140686035 1.43716037273407 -2.97643423080444 -5.95128297805786 -7.84078168869019 -8.91083526611328 -9.37283515930176 -9.39809989929199 -9.12430953979492 -8.65929698944092 -8.08457946777344 -7.45928573608398 -6.82434797286987 -6.20657348632813 -5.6222767829895 -5.08029794692993 -4.58437204360962
-2.47877645492554 -2.76576256752014 -3.0976939201355 -3.4834349155426 -3.93381857872009 -4.46190929412842 -5.08286619186401 -5.81241464614868 -6.66077136993408 -7.61137008666992 -8.54387855529785 -8.91762924194336 -6.10463809967041 19.021577835083 351.644378662109 681.723205566406 764.484313964844 801.535766601563 801.231689453125 488.345855712891 164.889846801758 87.5175476074219 51.7690086364746 30.8764591217041 17.339241027832 8.10385131835938 1.67087531089783 -2.793781042099 -5.8077392578125 -7.72760581970215 -8.82147789001465 -9.30227947235107 -9.34243202209473 -9.08043479919434 -8.62475109100342 -8.05739498138428 -7.43789672851563 -6.80751085281372 -6.19330501556396 -5.6118049621582 -5.07201719284058 -4.57780933380127
-2.4583637714386 -2.74093556404114 -3.06723308563232 -3.44570827484131 -3.88662171363831 -4.4022479057312 -5.0066933631897 -5.71442031860352 -6.53468179702759 -7.45260047912598 -8.36200618743896 -8.79130935668945 -6.43818521499634 16.2168865203857 339.331878662109 657.11279296875 731.299194335938 763.295715332031 761.785034179688 455.430450439453 143.549774169922 74.5362548828125 43.9835205078125 26.1999034881592 14.5204839706421 6.41149854660034 0.673522889614105 -3.35691094398499 -6.09890508651733 -7.85033702850342 -8.84286689758301 -9.26592063903809 -9.27632617950439 -9.00209712982178 -8.54467010498047 -7.98143339157104 -7.36895608901978 -6.74667739868164 -6.1406102180481 -5.56671619415283 -5.0337438583374 -4.54548168182373
