GridUnitTests/bin/Debug/net472/DSAANew.grd
DSAA
42 42
-100 105
-100 105
-19.733366012573 801.535766601563
[rows 21 to 41 of 42, columns 0 to 41 of 42]
-2.43004035949707 -2.70681643486023 -3.02585363388062 -3.39517712593079 -3.82450389862061 -4.32545900344849 -4.91150331497192 -5.59691429138184 -6.39281892776489 -7.29393577575684 -8.23327159881592 -8.9079122543335 -7.92955112457275 3.8403000831604 137.863845825195 279.382446289063 321.591796875 342.349548339844 344.570434570313 220.354217529297 85.379768371582 48.2605247497559 29.633752822876 17.7458419799805 9.37348365783691 3.24976015090942 -1.24871098995209 -4.48882627487183 -6.72385215759277 -8.15276527404785 -8.94492530822754 -9.24873924255371 -9.19322204589844 -8.88730049133301 -8.41936492919922 -7.85803699493408 -7.25415325164795 -6.64353466033936 -6.05001449584961 -5.48831939697266 -4.96656560897827 -4.48827600479126
-2.39426589012146 -2.66397452354431 -2.97425174713135 -3.3326723575592 -3.74840497970581 -4.23246479034424 -4.79781579971313 -5.45893001556396 -6.22969770431519 -7.11644601821899 -8.09587478637695 -9.04301261901855 -9.47819232940674 -7.67754411697388 0.301773428916931 12.8709716796875 24.5586357116699 33.9076805114746 39.3109474182129 37.1022567749023 29.1876659393311 21.1725063323975 14.1932973861694 8.30650615692139 3.4360294342041 -0.500834703445435 -3.58229064941406 -5.8886137008667 -7.50745916366577 -8.53487300872803 -9.07241535186768 -9.22189617156982 -9.07950687408447 -8.73091697692871 -8.24818897247314 -7.68872594833374 -7.09587955474854 -6.50066041946411 -5.92394590377808 -5.37875413894653 -4.87229776382446 -4.40769577026367
-2.35151839256287 -2.61298060417175 -2.91309452056885 -3.25893783569336 -3.65907025337219 -4.12381029129028 -4.66546201705933 -5.29830837249756 -6.03787660598755 -6.89820909500122 -7.88391923904419 -8.96928405761719 -10.049524307251 -10.8599977493286 -10.9513835906982 -9.82919311523438 -7.2990288734436 -3.82372522354126 -0.22505284845829 2.66391015052795 4.16558933258057 4.00339126586914 2.55250215530396 0.440469592809677 -1.83922982215881 -3.97898268699646 -5.80693006515503 -7.2413649559021 -8.26120662689209 -8.88641262054443 -9.16330146789551 -9.15258598327637 -8.91965007781982 -8.52724075317383 -8.03072166442871 -7.47566843032837 -6.89735651016235 -6.3214955329895 -5.76565027236938 -5.240891456604 -4.75338554382324 -4.30577802658081
-2.30231022834778 -2.55444169044495 -2.84308695793152 -3.17476320266724 -3.55732178688049 -4.00020885467529 -4.51472043991089 -5.11416149139404 -5.81368780136108 -6.62930965423584 -7.57492685317993 -8.65508270263672 -9.84909915924072 -11.0790376663208 -12.1546192169189 -12.7430238723755 -12.5169677734375 -11.4062185287476 -9.63408279418945 -7.6077036857605 -5.83498430252075 -4.75188302993774 -4.49291276931763 -4.90068387985229 -5.70562267303467 -6.65646648406982 -7.56600475311279 -8.31426906585693 -8.83815479278564 -9.11832714080811 -9.16647338867188 -9.01381587982178 -8.70141124725342 -8.27263450622559 -7.76799964904785 -7.2221736907959 -6.66275262832642 -6.11029148101807 -5.5790696144104 -5.07819843292236 -4.61278390884399 -4.18498802185059
-2.24720549583435 -2.48903584480286 -2.76503825187683 -3.08110499382019 -3.44427466392517 -3.86293768882751 -4.3470311164856 -4.90815401077271 -5.55943632125854 -6.31481122970581 -7.18690776824951 -8.18195629119873 -9.28859710693359 -10.4564504623413 -11.5670013427734 -12.4264268875122 -12.8265390396118 -12.6508140563965 -11.9358110427856 -10.863655090332 -9.71271991729736 -8.76260662078857 -8.18349647521973 -7.9947509765625 -8.10739421844482 -8.39062023162842 -8.71926593780518 -8.99653434753418 -9.16022872924805 -9.18031692504883 -9.05253982543945 -8.7907247543335 -8.41935634613037 -7.96732950210571 -7.46334505081177 -6.93297576904297 -6.39719724655151 -5.87199640274048 -5.36868667602539 -4.89458274841309 -4.45381212234497 -4.04809999465942
-2.18683338165283 -2.4175329208374 -2.67989802360535 -2.97914600372314 -3.32142639160156 -3.71395111083984 -4.16508388519287 -4.68431711196899 -5.28198099136353 -5.96836376190186 -6.75163984298706 -7.63354110717773 -8.60131931304932 -9.61548233032227 -10.5976791381836 -11.4320039749146 -11.9932041168213 -12.1939630508423 -12.0231161117554 -11.5554218292236 -10.9307432174683 -10.3073720932007 -9.80769729614258 -9.48584175109863 -9.33024501800537 -9.28817558288574 -9.29295635223389 -9.28360271453857 -9.21518135070801 -9.06192207336426 -8.81570911407471 -8.48215389251709 -8.07585716247559 -7.61595344543457 -7.12253713607788 -6.61420011520386 -6.10663175582886 -5.61206912994385 -5.13933324813843 -4.69421243667603 -4.28000164031982 -3.89806628227234
-2.12188816070557 -2.34079742431641 -2.58875608444214 -2.87028455734253 -3.19061660766602 -3.55575156211853 -3.97244095802307 -4.44803333282471 -4.99004125595093 -5.60517692565918 -6.29746580123901 -7.06490564346313 -7.8943018913269 -8.75490474700928 -9.59387493133545 -10.3391332626343 -10.9137706756592 -11.258846282959 -11.3541622161865 -11.2269716262817 -10.9443845748901 -10.5916366577148 -10.2450666427612 -9.95208740234375 -9.72556591033936 -9.55081367492676 -9.39825630187988 -9.23551940917969 -9.0358715057373 -8.78243255615234 -8.46895122528076 -8.098313331604 -7.67992448806763 -7.22686100006104 -6.75337076187134 -6.27301788330078 -5.79752492904663 -5.3362250328064 -4.89597129821777 -4.48133182525635 -4.09494066238403 -3.73789191246033
-2.05311942100525 -2.259770154953 -2.49280977249146 -2.75607085227966 -3.05389666557312 -3.39112615585327 -3.77300548553467 -4.20495080947876 -4.69205904006958 -5.23820447921753 -5.84450340270996 -6.5069727897644 -7.21343994140625 -7.94040632247925 -8.65157794952393 -9.30039310455322 -9.83789253234863 -10.2244005203247 -10.4406394958496 -10.4934368133545 -10.4133100509644 -10.244553565979 -10.0317811965942 -9.80842399597168 -9.59116077423096 -9.38083457946777 -9.16758346557617 -8.93722534179688 -8.67666339874268 -8.37729263305664 -8.03632736206055 -7.65650749206543 -7.24480819702148 -6.8107590675354 -6.36482429504395 -5.91710901260376 -5.47649002075195 -5.05015563964844 -4.64347362518311 -4.26008605957031 -3.9021303653717 -3.57051849365234
-1.98131048679352 -2.17543482780457 -2.39330911636353 -2.63811659812927 -2.91337466239929 -3.22287654876709 -3.57055759429932 -3.96022915840149 -4.39511060714722 -4.87706470489502 -5.4054536819458 -5.97559070587158 -6.57696294784546 -7.1917405128479 -7.79447603225708 -8.35399150848389 -8.83786869049072 -9.21873474121094 -9.48031711578369 -9.62095928192139 -9.65308284759521 -9.59872722625732 -9.48284721374512 -9.32693672180176 -9.14505577087402 -8.94303035736084 -8.7202205657959 -8.47254371643066 -8.19551467895508 -7.88648080825806 -7.54575538635254 -7.17674827575684 -6.78538227081299 -6.37915134429932 -5.96612119674683 -5.55407428741455 -5.14990282058716 -4.75925731658936 -4.38642358779907 -4.03436470031738 -3.7048647403717 -3.39872527122498
-1.90725493431091 -2.08878111839294 -2.29149961471558 -2.5180025100708 -2.77107334136963 -3.05360579490662 -3.36845278739929 -3.71816754341125 -4.10459899902344 -4.52829170227051 -4.98767280578613 -5.47806596755981 -5.99069118499756 -6.51198720932007 -7.0237135887146 -7.50427436828613 -7.93137216567993 -8.2855281829834 -8.55349540710449 -8.73040866851807 -8.81990146636963 -8.83212661743164 -8.78044605255127 -8.67795276641846 -8.53494167327881 -8.35788631439209 -8.14983081817627 -7.91167783737183 -7.64373207092285 -7.34697914123535 -7.02384376525879 -6.67837953567505 -6.31601238250732 -5.94301605224609 -5.56591176986694 -5.1909236907959 -4.82356882095337 -4.46840858459473 -4.12895345687866 -3.80768132209778 -3.50613260269165 -3.22505164146423
-1.83172929286957 -2.00076675415039 -2.1885678768158 -2.39720344543457 -2.6288275718689 -2.88558840751648 -3.16947865486145 -3.48210787773132 -3.82436990737915 -4.19599628448486 -4.59499597549438 -5.01703882217407 -5.45490407943726 -5.89818859100342 -6.33352279663086 -6.74547719955444 -7.11817502975464 -7.43734359741211 -7.692307472229 -7.87733888626099 -7.99195051193237 -8.04007244110107 -8.02842426300049 -7.96465444564819 -7.85581064224243 -7.7075023651123 -7.52380609512329 -7.30771923065186 -7.0618577003479 -6.78910493850708 -6.49303340911865 -6.1780309677124 -5.84916973114014 -5.51190280914307 -5.17170333862305 -4.83371591567993 -4.50249052047729 -4.18181324005127 -3.87463760375977 -3.58309316635132 -3.30855488777161 -3.05174469947815
-1.75546991825104 -1.91228568553925 -2.08560037612915 -2.27703619003296 -2.48822355270386 -2.72070980072021 -2.97582650184631 -3.25449585914612 -3.55697345733643 -3.88252139091492 -4.22903156280518 -4.59264516830444 -4.96745014190674 -5.34537792205811 -5.71641635894775 -6.06923151016235 -6.39217519760132 -6.67452430725098 -6.90769243240356 -7.08609962463379 -7.20748949050903 -7.2726263999939 -7.28452205657959 -7.24744987487793 -7.16604995727539 -7.04473495483398 -6.88746452331543 -6.69783115386963 -6.47931432723999 -6.23556184768677 -5.97057247161865 -5.68874311447144 -5.39477396011353 -5.0934796333313 -4.78955698013306 -4.48736476898193 -4.19074773788452 -3.90292310714722 -3.6264340877533 -3.36315631866455 -3.11434888839722 -2.88072848320007
-1.67915487289429 -1.82414627075195 -1.98355603218079 -2.15863108634949 -2.35057401657104 -2.56046152114868 -2.78912806510925 -3.03701043128967 -3.30395269393921 -3.58897233009338 -3.89000916481018 -4.20369243621826 -4.5251784324646 -4.84813165664673 -5.16490650177002 -5.46697521209717 -5.74557638168335 -5.99248933792114 -6.20079946517944 -6.36547994613647 -6.48367214202881 -6.55462074279785 -6.5793251991272 -6.56002902984619 -6.49971008300781 -6.40167951583862 -6.269362449646 -6.10623598098755 -5.91587448120117 -5.70202350616455 -5.46864652633667 -5.21990823745728 -4.96008396148682 -4.69342803955078 -4.42401647567749 -4.1555962562561 -3.89147090911865 -3.63442230224609 -3.38667869567871 -3.14992117881775 -2.92532110214233 -2.71359658241272
-1.60339057445526 -1.73705577850342 -1.88325333595276 -2.04292106628418 -2.21692085266113 -2.40596604347229 -2.61052703857422 -2.83070659637451 -3.06609582901001 -3.31560921669006 -3.57731771469116 -3.84830808639526 -4.12459754943848 -4.40115165710449 -4.67203092575073 -4.93068885803223 -5.1703987121582 -5.38475847244263 -5.56818962097168 -5.71633815765381 -5.82630825042725 -5.89669895172119 -5.92746305465698 -5.91965675354004 -5.87514972686768 -5.79636859893799 -5.68611621856689 -5.54746723175049 -5.38371849060059 -5.19837045669556 -4.99509286880493 -4.77767276763916 -4.54992485046387 -4.31558609008789 -4.078200340271 -3.84101462364197 -3.60689377784729 -3.37826919555664 -3.15711498260498 -2.94495320320129 -2.74288201332092 -2.55161905288696
-1.52870440483093 -1.65161514282227 -1.78536736965179 -1.93064844608307 -2.08805298805237 -2.25802111625671 -2.44075989723206 -2.636150598526 -2.84364008903503 -3.06212544441223 -3.28984594345093 -3.52429628372192 -3.76218700408936 -3.99947381019592 -4.23147392272949 -4.45307683944702 -4.65903425216675 -4.84429883956909 -5.00435972213745 -5.13552951812744 -5.23512983322144 -5.30156564712524 -5.33428859710693 -5.33367729187012 -5.30088138580322 -5.23765802383423 -5.14623546600342 -5.02920579910278 -4.88944864273071 -4.730064868927 -4.55431318283081 -4.36553859710693 -4.16708612442017 -3.96221089363098 -3.75398921966553 -3.54523754119873 -3.33845281600952 -3.13577079772949 -2.9389500617981 -2.74937510490417 -2.56807684898376 -2.39576435089111
-1.45554280281067 -1.56831896305084 -1.69043433666229 -1.82237732410431 -1.96453607082367 -2.11714744567871 -2.28023481369019 -2.45353722572327 -2.63642978668213 -2.82784414291382 -3.02619767189026 -3.22934103012085 -3.4345440864563 -3.63852667808533 -3.83755159378052 -4.02757453918457 -4.2044472694397 -4.36415243148804 -4.50303506851196 -4.61801195144653 -4.70671939849854 -4.76759433746338 -4.79988288879395 -4.80359506607056 -4.77941942214966 -4.72862195968628 -4.65294647216797 -4.5545220375061 -4.43578243255615 -4.29938936233521 -4.14815998077393 -3.9849865436554 -3.81276154518127 -3.63429641723633 -3.45224952697754 -3.26906251907349 -3.08691143989563 -2.90767669677734 -2.73292684555054 -2.56392121315002 -2.40162396430969 -2.24672842025757
-1.38427221775055 -1.48756003379822 -1.59886312484741 -1.71851360797882 -1.84674263000488 -1.98363935947418 -2.12910199165344 -2.28278422355652 -2.44403743743896 -2.61185622215271 -2.78483176231384 -2.96112251281738 -3.13845157623291 -3.31413722038269 -3.48516583442688 -3.64830160140991 -3.80023241043091 -3.93773484230042 -4.05784273147583 -4.15799713134766 -4.23616695404053 -4.29092216491699 -4.32146501541138 -4.32761573791504 -4.3097710609436 -4.26884269714355 -4.20618438720703 -4.12351942062378 -4.02286529541016 -3.90646195411682 -3.77669882774353 -3.63604235649109 -3.48696494102478 -3.33187675476074 -3.17306423187256 -3.01263761520386 -2.85249209403992 -2.69428038597107 -2.53940081596375 -2.38899612426758 -2.24396276473999 -2.10496973991394
-1.31518363952637 -1.40963792800903 -1.51094841957092 -1.61932599544525 -1.73488485813141 -1.85760879516602 -1.98731434345245 -2.12360954284668 -2.26585268974304 -2.41311573982239 -2.56415295600891 -2.7173867225647 -2.87090969085693 -3.02251505851746 -3.16975140571594 -3.31000709533691 -3.44061470031738 -3.55897307395935 -3.66266775131226 -3.74958610534668 -3.81801009178162 -3.86668086051941 -3.8948347568512 -3.9022068977356 -3.88901281356812 -3.85590958595276 -3.80394601821899 -3.73450398445129 -3.64923691749573 -3.55000567436218 -3.43881344795227 -3.31774139404297 -3.18888545036316 -3.05429840087891 -2.91593813896179 -2.77562284469604 -2.63499855995178 -2.49551558494568 -2.35841679573059 -2.22473478317261 -2.09529829025269 -1.97074460983276
-1.24849879741669 -1.33476865291595 -1.42688548564911 -1.52496802806854 -1.62904417514801 -1.73902559280396 -1.85467803478241 -1.97559142112732 -2.10115075111389 -2.23050928115845 -2.36257195472717 -2.49598526954651 -2.62914705276489 -2.76022982597351 -2.88722610473633 -3.00801181793213 -3.12042474746704 -3.22235417366028 -3.31183075904846 -3.38711404800415 -3.44676470756531 -3.48969960212708 -3.51522493362427 -3.5230495929718 -3.51327729225159 -3.48638391494751 -3.44318127632141 -3.38477325439453 -3.31250596046448 -3.22791314125061 -3.13266086578369 -3.02849197387695 -2.91717290878296 -2.80044412612915 -2.67997479438782 -2.55732727050781 -2.43392705917358 -2.31104350090027 -2.18977737426758 -2.07105827331543 -1.95564663410187 -1.8441424369812
-1.1843775510788 -1.26309525966644 -1.34678566455841 -1.43549787998199 -1.52919852733612 -1.62775099277496 -1.73089325428009 -1.8382157087326 -1.94914019107819 -2.0629026889801 -2.17854237556458 -2.29489874839783 -2.41062045097351 -2.52418732643127 -2.63394570350647 -2.73815727233887 -2.83505916595459 -2.92293095588684 -3.00016260147095 -3.06532120704651 -3.11720776557922 -3.1549026966095 -3.17779588699341 -3.18560028076172 -3.17835259437561 -3.15639877319336 -3.12036871910095 -3.07114338874817 -3.00981402397156 -2.9376392364502 -2.85599780082703 -2.76634287834167 -2.67015695571899 -2.56890916824341 -2.46401953697205 -2.35682582855225 -2.24855995178223 -2.14032959938049 -2.03310704231262 -1.92772448062897 -1.82487511634827 -1.72511863708496
-1.12292516231537 -1.19469857215881 -1.27069020271301 -1.35089790821075 -1.43524551391602 -1.52356648445129 -1.61558723449707 -1.71091055870056 -1.8090010881424 -1.90917384624481 -2.01058793067932 -2.11224746704102 -2.21300959587097 -2.31160426139832 -2.40666270256042 -2.49675488471985 -2.58043622970581 -2.65629839897156 -2.72302222251892 -2.77942705154419 -2.82451820373535 -2.85752105712891 -2.87790822982788 -2.885413646698 -2.88003444671631 -2.86202335357666 -2.83187103271484 -2.79028034210205 -2.73813557624817 -2.67646646499634 -2.60641098022461 -2.52917742729187 -2.44600605964661 -2.35813474655151 -2.26676821708679 -2.17304968833923 -2.07804131507874 -1.98270702362061 -1.88790261745453 -1.79437053203583 -1.70273876190186 -1.61352467536926
