GridUnitTests/bin/Debug/net472/DSAA.grd
DSAA
42 42
-100 105
-100 105
-19.733366012573 801.53576660156
[rows 0 to 17 of 42, columns 0 to 40 of 42]
-1.49516522884368896 -1.61086404323577881 -1.73589777946472168 -1.87067210674285889 -2.01546931266784668 -2.17039537429809570 -2.33532047271728516 -2.50980877876281738 -2.69304823875427246 -2.88378190994262695 -3.08025026321411133 -3.28015947341918945 -3.48068118095397949 -3.67849969863891602 -3.86991000175476074 -4.05096721649169922 -4.21767902374267578 -4.36622047424316406 -4.49314928054809570 -4.59559774398803711 -4.67141580581665039 -4.71925210952758789 -4.73857450485229492 -4.72963190078735352 -4.69337654113769531 -4.63135671615600586 -4.54560470581054688 -4.43852138519287109 -4.31276798248291016 -4.17116785049438477 -4.01661729812622070 -3.85199952125549316 -3.68011450767517090 -3.50361132621765137 -3.32493329048156738 -3.14627695083618164 -2.96956253051757813 -2.79642009735107422 -2.62818789482116699 -2.46592116355895996 -2.31041264533996582
-1.57271468639373779 -1.69937968254089355 -1.83700072765350342 -1.98618578910827637 -2.14742112159729004 -2.32100605964660645 -2.50697445869445801 -2.70500278472900391 -2.91430950164794922 -3.13355350494384766 -3.36074399948120117 -3.59317898750305176 -3.82742834091186523 -4.05938434600830078 -4.28438711166381836 -4.49742889404296875 -4.69342660903930664 -4.86752843856811523 -5.01542377471923828 -5.13360261917114258 -5.21954679489135742 -5.27181577682495117 -5.29003858566284180 -5.27482748031616211 -5.22763395309448242 -5.15058755874633789 -5.04633235931396484 -4.91788196563720703 -4.76849126815795898 -4.60155200958251953 -4.42049694061279297 -4.22871398925781250 -4.02946853637695313 -3.82583141326904297 -3.62061786651611328 -3.41633820533752441 -3.21516609191894531 -3.01892256736755371 -2.82907700538635254 -2.64676117897033691 -2.47279548645019531
-1.65200579166412354 -1.79039418697357178 -1.94159173965454102 -2.10646867752075195 -2.28578472137451172 -2.48011088371276855 -2.68972849845886230 -2.91450786590576172 -3.15376782417297363 -3.40612626075744629 -3.66935920715332031 -3.94029068946838379 -4.21474409103393555 -4.48758697509765625 -4.75289344787597656 -5.00422906875610352 -5.23504304885864258 -5.43912029266357422 -5.61103010177612305 -5.74649953842163086 -5.84265518188476563 -5.89810514450073242 -5.91286802291870117 -5.88818454742431641 -5.82627439498901367 -5.73007488250732422 -5.60301923751831055 -5.44885301589965820 -5.27150201797485352 -5.07497167587280273 -4.86326265335083008 -4.64029455184936523 -4.40982723236083984 -4.17538404464721680 -3.94018197059631348 -3.70707273483276367 -3.47850513458251953 -3.25650429725646973 -3.04267477989196777 -2.83822035789489746 -2.64397692680358887
-1.73251163959503174 -1.88333714008331299 -2.04907250404357910 -2.23092246055603027 -2.43000793457031250 -2.64727377891540527 -2.88336396217346191 -3.13846135139465332 -3.41209530830383301 -3.70292353630065918 -4.00851154327392578 -4.32514524459838867 -4.64771842956542969 -4.96975994110107422 -5.28363752365112305 -5.58095932006835938 -5.85315704345703125 -6.09216833114624023 -6.29111051559448242 -6.44482374191284180 -6.55018043518066406 -6.60612964630126953 -6.61349058151245117 -6.57458257675170898 -6.49279642105102539 -6.37219095230102539 -6.21718645095825195 -6.03235960006713867 -5.82233381271362305 -5.59171390533447266 -5.34504604339599609 -5.08676433563232422 -4.82112360000610352 -4.55211687088012695 -4.28338861465454102 -4.01816272735595703 -3.75918745994567871 -3.50871014595031738 -3.26847791671752930 -3.03976249694824219 -2.82340383529663086
-1.81359004974365234 -1.97748935222625732 -2.15865612030029297 -2.35871434211730957 -2.57925462722778320 -2.82172727584838867 -3.08729362487792969 -3.37661957740783691 -3.68961477279663086 -4.02511739730834961 -4.38055610656738281 -4.75162649154663086 -5.13207340240478516 -5.51365470886230469 -5.88639068603515625 -6.23914384841918945 -6.56050157546997070 -6.83983945846557617 -7.06837034225463867 -7.23995256423950195 -7.35148525238037109 -7.40283679962158203 -7.39636707305908203 -7.33621597290039063 -7.22755527496337891 -7.07597160339355469 -6.88706350326538086 -6.66625833511352539 -6.41878080368041992 -6.14970159530639648 -5.86398506164550781 -5.56649208068847656 -5.26193141937255859 -4.95476293563842773 -4.64908599853515625 -4.34853363037109375 -4.05619239807128906 -3.77455973625183105 -3.50554203987121582 -3.25048160552978516 -3.01021289825439453
-1.89447891712188721 -2.07197308540344238 -2.26934671401977539 -2.48874211311340332 -2.73234820365905762 -3.00228738784790039 -3.30044245719909668 -3.62820196151733398 -3.98611235618591309 -4.37343263626098633 -4.78761243820190430 -5.22375965118408203 -5.67420768737792969 -6.12835168838500977 -6.57292366027832031 -6.99282836914062500 -7.37252330780029297 -7.69773292541503906 -7.95713567733764648 -8.14360809326171875 -8.25471591949462891 -8.29236030578613281 -8.26175594329833984 -8.17008018493652344 -8.02518653869628906 -7.83467388153076172 -7.60541439056396484 -7.34349393844604492 -7.05440473556518555 -6.74332427978515625 -6.41533660888671875 -6.07553100585937500 -5.72897338867187500 -5.38057756423950195 -5.03493595123291016 -4.69615411758422852 -4.36771965026855469 -4.05243492126464844 -3.75239777565002441 -3.46903777122497559 -3.20318245887756348
-1.97429966926574707 -2.16574764251708984 -2.37992620468139648 -2.61960339546203613 -2.88771605491638184 -3.18726062774658203 -3.52110576629638672 -3.89169073104858398 -4.30058002471923828 -4.74784421920776367 -5.23127460479736328 -5.74550056457519531 -6.28118085861206055 -6.82454013824462891 -7.35760688781738281 -7.85942029953002930 -8.30824279785156250 -8.68441963195800781 -8.97320365905761719 -9.16673278808593750 -9.26459407806396484 -9.27283763885498047 -9.20184612274169922 -9.06380653381347656 -8.87052249908447266 -8.63206768035888672 -8.35637664794921875 -8.04955577850341797 -7.71657466888427734 -7.36197996139526367 -6.99041748046875000 -6.60686206817626953 -6.21658849716186523 -5.82496118545532227 -5.43714761734008789 -5.05784130096435547 -4.69105005264282227 -4.33997535705566406 -4.00697469711303711 -3.69360232353210449 -3.40069198608398438
-2.05206727981567383 -2.25761747360229492 -2.48895239830017090 -2.74957823753356934 -3.04334354400634766 -3.37435388565063477 -3.74679136276245117 -4.16458320617675781 -4.63086080551147461 -5.14712905883789063 -5.71211338043212891 -6.32032203674316406 -6.96054840087890625 -7.61478042602539063 -8.25819110870361328 -8.86086177825927734 -9.39141845703125000 -9.82199192047119141 -10.13312721252441406 -10.31704807281494141 -10.37815666198730469 -10.33063220977783203 -10.19408416748046875 -9.98882579803466797 -9.73223304748535156 -9.43698215484619141 -9.11109256744384766 -8.75917148590087891 -8.38407897949218750 -7.98841762542724609 -7.57548570632934570 -7.14965057373046875 -6.71623849868774414 -6.28112888336181641 -5.85024929046630859 -5.42910480499267578 -5.02243185043334961 -4.63399887084960938 -4.26654338836669922 -3.92181658744812012 -3.60069537162780762
-2.12671065330505371 -2.34625267982482910 -2.59477615356445313 -2.87663221359252930 -3.19674921035766602 -3.56059813499450684 -3.97405815124511719 -4.44309949874877930 -4.97317934036254883 -5.56819438934326172 -6.22884941101074219 -6.95037269592285156 -7.71980237960815430 -8.51356601715087891 -9.29668617248535156 -10.02511787414550781 -10.65192127227783203 -11.13619422912597656 -11.45195770263671875 -11.59368515014648438 -11.57630538940429688 -11.42965316772460938 -11.18959140777587891 -10.88924407958984375 -10.55317783355712891 -10.19562816619873047 -9.82205200195312500 -9.43239784240722656 -9.02458477020263672 -8.59715938568115234 -8.15079879760742188 -7.68869924545288086 -7.21618938446044922 -6.73992204666137695 -6.26697397232055664 -5.80406999588012695 -5.35703039169311523 -4.93046760559082031 -4.52769279479980469 -4.15077829360961914 -3.80071353912353516
-2.19710588455200195 -2.43022513389587402 -2.69558000564575195 -2.99845290184020996 -3.34500193595886230 -3.74231648445129395 -4.19838523864746094 -4.72187566757202148 -5.32155656814575195 -6.00510978698730469 -6.77696800231933594 -7.63483667373657227 -8.56489372253417969 -9.53662967681884766 -10.49986267089843750 -11.38753509521484375 -12.12653446197509766 -12.65453338623046875 -12.93664169311523438 -12.97490882873535156 -12.80651473999023438 -12.49116134643554688 -12.09288978576660156 -11.66395092010498047 -11.23630237579345703 -10.82156753540039063 -10.41659641265869141 -10.01081275939941406 -9.59261894226074219 -9.15357875823974609 -8.69028377532958984 -8.20439910888671875 -7.70157432556152344 -7.18989324569702148 -6.67833518981933594 -6.17553663253784180 -5.68897056579589844 -5.22451686859130859 -4.78635406494140625 -4.37706279754638672 -3.99785304069519043
-2.26211929321289063 -2.50806713104248047 -2.78944873809814453 -3.11252808570861816 -3.48479795455932617 -3.91517186164855957 -4.41413021087646484 -4.99371433258056641 -5.66716337203979492 -6.44779920578002930 -7.34648990631103516 -8.36674022674560547 -9.49657440185546875 -10.69786453247070313 -11.89759159088134766 -12.98985290527343750 -13.85570335388183594 -14.39667510986328125 -14.56684017181396484 -14.38865280151367188 -13.94572257995605469 -13.35439872741699219 -12.72616386413574219 -12.13855361938476563 -11.62544155120849609 -11.18431949615478516 -10.79125690460205078 -10.41543960571289063 -10.02944374084472656 -9.61461257934570313 -9.16247653961181641 -8.67359447479248047 -8.15507984161376953 -7.61781311035156250 -7.07397794723510742 -6.53521823883056641 -6.01149940490722656 -5.51057195663452148 -5.03788518905639648 -4.59678649902343750 -4.18885898590087891
-2.32066202163696289 -2.57834291458129883 -2.87446808815002441 -3.21627664566040039 -3.61262226104736328 -4.07434225082397461 -4.61465835571289063 -5.24953508377075195 -5.99778985977172852 -6.88048219680786133 -7.91857194900512695 -9.12691307067871094 -10.50165653228759766 -11.99917125701904297 -13.51258468627929688 -14.86769866943359375 -15.86203098297119141 -16.33654022216796875 -16.23715209960937500 -15.63730239868164063 -14.71651840209960938 -13.69744586944580078 -12.76649188995361328 -12.02384376525878906 -11.48296642303466797 -11.10065937042236328 -10.81098270416259766 -10.54964256286621094 -10.26700496673583984 -9.93247985839843750 -9.53351306915283203 -9.07179260253906250 -8.55848503112792969 -8.00970172882080078 -7.44286346435546875 -6.87419462203979492 -6.31729078292846680 -5.78255510330200195 -5.27722120285034180 -4.80572032928466797 -4.37020111083984375
-2.37174820899963379 -2.63973617553710938 -2.94885039329528809 -3.30722856521606445 -3.72500228881835938 -4.21486139297485352 -4.79275989532470703 -5.47875308990478516 -6.29783725738525391 -7.28038692474365234 -8.46104145050048828 -9.87314796447753906 -11.53228473663330078 -13.39851284027099609 -15.31697368621826172 -16.98741149902343750 -18.05009841918945313 -18.25557327270507813 -17.57110214233398438 -16.19058036804199219 -14.48602390289306641 -12.87397003173828125 -11.63960933685302734 -10.86341857910156250 -10.47464370727539063 -10.33919715881347656 -10.32115745544433594 -10.31191253662109375 -10.23870658874511719 -10.06276226043701172 -9.77277946472167969 -9.37693309783935547 -8.89510822296142578 -8.35239124298095703 -7.77426576614379883 -7.18355512619018555 -6.59887170791625977 -6.03418350219726563 -5.49908447265625000 -4.99944734573364258 -4.53819704055786133
-2.41455268859863281 -2.69113659858703613 -3.01107096672058105 -3.38323926925659180 -3.81884217262268066 -4.33213567733764648 -4.94142198562622070 -5.67034912109375000 -6.54951572418212891 -7.61811828613281250 -8.92464733123779297 -10.52343368530273438 -12.45777416229248047 -14.70510673522949219 -17.04608345031738281 -18.93810844421386719 -19.73336601257324219 -19.12805938720703125 -17.25124549865722656 -14.54925251007080078 -11.74479961395263672 -9.57554054260253906 -8.36484622955322266 -8.00027179718017578 -8.19295883178710938 -8.65951824188232422 -9.18398380279541016 -9.62381362915039063 -9.89889430999755859 -9.97722434997558594 -9.86104106903076172 -9.57441997528076172 -9.15288734436035156 -8.63542270660400391 -8.05895233154296875 -7.45515871047973633 -6.84913253784179688 -6.25932216644287109 -5.69824695587158203 -5.17355775833129883 -4.68916034698486328
-2.44845843315124512 -2.73171758651733398 -3.05999350547790527 -3.44269990921020508 -3.89178442955017090 -4.42257213592529297 -5.05492115020751953 -5.81475734710693359 -6.73596239089965820 -7.86212873458862305 -9.24620628356933594 -10.94139671325683594 -12.96461105346679688 -15.19747734069824219 -17.21264648437500000 -18.09282302856445313 -16.97798156738281250 -14.04465866088867188 -10.04501628875732422 -5.86103296279907227 -2.61108660697937012 -1.20318818092346191 -1.45636236667633057 -2.67662096023559570 -4.28592538833618164 -5.91475629806518555 -7.34800195693969727 -8.47360897064208984 -9.24908351898193359 -9.67918014526367188 -9.79931449890136719 -9.66223526000976563 -9.32735729217529297 -8.85281276702880859 -8.29028701782226563 -7.68235826492309570 -7.06182670593261719 -6.45235204696655273 -5.86980438232421875 -5.32386445999145508 -4.81957006454467773
-2.47308278083801270 -2.76098179817199707 -3.09495449066162109 -3.48469543457031250 -3.94250869750976563 -4.48415708541870117 -5.12997770309448242 -5.90622282028198242 -6.84619283676147461 -7.98924970626831055 -9.37001609802246094 -10.96605491638183594 -12.45976257324218750 -12.12261867523193359 -4.40539360046386719 8.32269001007080078 19.36385726928710938 28.52461242675781250 34.45866394042968750 31.91493415832519531 23.63366699218750000 16.51759529113769531 10.54158306121826172 5.47657918930053711 1.23671877384185791 -2.22171497344970703 -4.93813657760620117 -6.96280097961425781 -8.36168670654296875 -9.21550655364990234 -9.61497306823730469 -9.65410900115966797 -9.42337989807128906 -9.00410079956054688 -8.46492481231689453 -7.86051130294799805 -7.23197555541992188 -6.60849285125732422 -6.00944042205810547 -5.44661426544189453 -4.92624378204345703
-2.48828005790710449 -2.77876996994018555 -3.11578631401062012 -3.50905752182006836 -3.97086000442504883 -4.51676416397094727 -5.16650104522705078 -5.94463634490966797 -6.87982225418090820 -7.99781227111816406 -9.28861141204833984 -10.55471611022949219 -10.55958652496337891 0.80022972822189331 198.40768432617187500 390.56915283203125000 435.05688476562500000 456.14526367187500000 458.18670654296875000 270.41207885742187500 84.08235168457031250 44.89139938354492188 26.74966049194335938 15.48651790618896484 7.62457323074340820 1.89086687564849854 -2.31171083450317383 -5.32547712326049805 -7.38527584075927734 -8.67700099945068359 -9.36081218719482422 -9.57857799530029297 -9.45455455780029297 -9.09409523010253906 -8.58281421661376953 -7.98712539672851563 -7.35607624053955078 -6.72403287887573242 -6.11364459991455078 -5.53868341445922852 -5.00649881362915039
-2.49411821365356445 -2.78522443771362305 -3.12276053428649902 -3.51628541946411133 -3.97773909568786621 -4.52202033996582031 -5.16746616363525391 -5.93561172485351563 -6.84801626205444336 -7.91214752197265625 -9.06405735015869141 -9.91312503814697266 -8.29396724700927734 13.33706092834472656 336.72039794921875000 654.97711181640625000 728.81353759765625000 760.80902099609375000 759.86724853515625000 453.15835571289062500 140.57301330566406250 72.00779724121093750 42.03364181518554688 24.71772193908691406 13.38812160491943359 5.53843116760253906 -0.00562423048540950 -3.88901519775390625 -6.51791906356811523 -8.18128395080566406 -9.10457992553710938 -9.47287178039550781 -9.43983745574951172 -9.13114070892333984 -8.64640712738037109 -8.06158733367919922 -7.43209695816040039 -6.79643726348876953 -6.17986297607421875 -5.59772586822509766 -5.05828714370727539
