GridUnitTests/bin/Debug/net472/DSAA.grd
DSAA
42 42
-100 105
-100 105
-19.733366012573 801.53576660156
[rows 18 to 35 of 42, columns 0 to 40 of 42]
-2.49083328247070313 -2.78071713447570801 -3.11647295951843262 -3.50734949111938477 -3.96476531028747559 -4.50270605087280273 -5.13782739639282227 -5.88837862014770508 -6.76901626586914063 -7.77132940292358398 -8.79060840606689453 -9.31680774688720703 -6.77973794937133789 17.85999870300292969 349.74777221679687500 679.02001953125000000 761.29241943359375000 798.25036621093750000 798.23443603515625000 486.00515747070312500 163.30804443359375000 86.48220062255859375 51.05166625976562500 30.35299682617187500 16.94549560546875000 7.80230140686035156 1.43716037273406982 -2.97643423080444336 -5.95128297805786133 -7.84078168869018555 -8.91083526611328125 -9.37283515930175781 -9.39809989929199219 -9.12430953979492188 -8.65929698944091797 -8.08457946777343750 -7.45928573608398438 -6.82434797286987305 -6.20657348632812500 -5.62227678298950195 -5.08029794692993164
-2.47877645492553711 -2.76576256752014160 -3.09769392013549805 -3.48343491554260254 -3.93381857872009277 -4.46190929412841797 -5.08286619186401367 -5.81241464614868164 -6.66077136993408203 -7.61137008666992188 -8.54387855529785156 -8.91762924194335938 -6.10463809967041016 19.02157783508300781 351.64437866210937500 681.72320556640625000 764.48431396484375000 801.53576660156250000 801.23168945312500000 488.34585571289062500 164.88984680175781250 87.51754760742187500 51.76900863647460938 30.87645912170410156 17.33924102783203125 8.10385131835937500 1.67087531089782715 -2.79378104209899902 -5.80773925781250000 -7.72760581970214844 -8.82147789001464844 -9.30227947235107422 -9.34243202209472656 -9.08043479919433594 -8.62475109100341797 -8.05739498138427734 -7.43789672851562500 -6.80751085281372070 -6.19330501556396484 -5.61180496215820313 -5.07201719284057617
-2.45836377143859863 -2.74093556404113770 -3.06723308563232422 -3.44570827484130859 -3.88662171363830566 -4.40224790573120117 -5.00669336318969727 -5.71442031860351563 -6.53468179702758789 -7.45260047912597656 -8.36200618743896484 -8.79130935668945313 -6.43818521499633789 16.21688652038574219 339.33187866210937500 657.11279296875000000 731.29919433593750000 763.29571533203125000 761.78503417968750000 455.43045043945312500 143.54977416992187500 74.53625488281250000 43.98352050781250000 26.19990348815917969 14.52048397064208984 6.41149854660034180 0.67352288961410522 -3.35691094398498535 -6.09890508651733398 -7.85033702850341797 -8.84286689758300781 -9.26592063903808594 -9.27632617950439453 -9.00209712982177734 -8.54467010498046875 -7.98143339157104492 -7.36895608901977539 -6.74667739868164063 -6.14061021804809570 -5.56671619415283203 -5.03374385833740234
-2.43004035949707031 -2.70681643486022949 -3.02585363388061523 -3.39517712593078613 -3.82450389862060547 -4.32545900344848633 -4.91150331497192383 -5.59691429138183594 -6.39281892776489258 -7.29393577575683594 -8.23327159881591797 -8.90791225433349609 -7.92955112457275391 3.84030008316040039 137.86384582519531250 279.38244628906250000 321.59179687500000000 342.34954833984375000 344.57043457031250000 220.35421752929687500 85.37976837158203125 48.26052474975585938 29.63375282287597656 17.74584197998046875 9.37348365783691406 3.24976015090942383 -1.24871098995208740 -4.48882627487182617 -6.72385215759277344 -8.15276527404785156 -8.94492530822753906 -9.24873924255371094 -9.19322204589843750 -8.88730049133300781 -8.41936492919921875 -7.85803699493408203 -7.25415325164794922 -6.64353466033935547 -6.05001449584960938 -5.48831939697265625 -4.96656560897827148
-2.39426589012145996 -2.66397452354431152 -2.97425174713134766 -3.33267235755920410 -3.74840497970581055 -4.23246479034423828 -4.79781579971313477 -5.45893001556396484 -6.22969770431518555 -7.11644601821899414 -8.09587478637695313 -9.04301261901855469 -9.47819232940673828 -7.67754411697387695 0.30177342891693115 12.87097167968750000 24.55863571166992188 33.90768051147460938 39.31094741821289063 37.10225677490234375 29.18766593933105469 21.17250633239746094 14.19329738616943359 8.30650615692138672 3.43602943420410156 -0.50083470344543457 -3.58229064941406250 -5.88861370086669922 -7.50745916366577148 -8.53487300872802734 -9.07241535186767578 -9.22189617156982422 -9.07950687408447266 -8.73091697692871094 -8.24818897247314453 -7.68872594833374023 -7.09587955474853516 -6.50066041946411133 -5.92394590377807617 -5.37875413894653320 -4.87229776382446289
-2.35151839256286621 -2.61298060417175293 -2.91309452056884766 -3.25893783569335938 -3.65907025337219238 -4.12381029129028320 -4.66546201705932617 -5.29830837249755859 -6.03787660598754883 -6.89820909500122070 -7.88391923904418945 -8.96928405761718750 -10.04952430725097656 -10.85999774932861328 -10.95138359069824219 -9.82919311523437500 -7.29902887344360352 -3.82372522354125977 -0.22505284845829010 2.66391015052795410 4.16558933258056641 4.00339126586914063 2.55250215530395508 0.44046959280967712 -1.83922982215881348 -3.97898268699645996 -5.80693006515502930 -7.24136495590209961 -8.26120662689208984 -8.88641262054443359 -9.16330146789550781 -9.15258598327636719 -8.91965007781982422 -8.52724075317382813 -8.03072166442871094 -7.47566843032836914 -6.89735651016235352 -6.32149553298950195 -5.76565027236938477 -5.24089145660400391 -4.75338554382324219
-2.30231022834777832 -2.55444169044494629 -2.84308695793151855 -3.17476320266723633 -3.55732178688049316 -4.00020885467529297 -4.51472043991088867 -5.11416149139404297 -5.81368780136108398 -6.62930965423583984 -7.57492685317993164 -8.65508270263671875 -9.84909915924072266 -11.07903766632080078 -12.15461921691894531 -12.74302387237548828 -12.51696777343750000 -11.40621852874755859 -9.63408279418945313 -7.60770368576049805 -5.83498430252075195 -4.75188302993774414 -4.49291276931762695 -4.90068387985229492 -5.70562267303466797 -6.65646648406982422 -7.56600475311279297 -8.31426906585693359 -8.83815479278564453 -9.11832714080810547 -9.16647338867187500 -9.01381587982177734 -8.70141124725341797 -8.27263450622558594 -7.76799964904785156 -7.22217369079589844 -6.66275262832641602 -6.11029148101806641 -5.57906961441040039 -5.07819843292236328 -4.61278390884399414
-2.24720549583435059 -2.48903584480285645 -2.76503825187683105 -3.08110499382019043 -3.44427466392517090 -3.86293768882751465 -4.34703111648559570 -4.90815401077270508 -5.55943632125854492 -6.31481122970581055 -7.18690776824951172 -8.18195629119873047 -9.28859710693359375 -10.45645046234130859 -11.56700134277343750 -12.42642688751220703 -12.82653903961181641 -12.65081405639648438 -11.93581104278564453 -10.86365509033203125 -9.71271991729736328 -8.76260662078857422 -8.18349647521972656 -7.99475097656250000 -8.10739421844482422 -8.39062023162841797 -8.71926593780517578 -8.99653434753417969 -9.16022872924804688 -9.18031692504882813 -9.05253982543945313 -8.79072475433349609 -8.41935634613037109 -7.96732950210571289 -7.46334505081176758 -6.93297576904296875 -6.39719724655151367 -5.87199640274047852 -5.36868667602539063 -4.89458274841308594 -4.45381212234497070
-2.18683338165283203 -2.41753292083740234 -2.67989802360534668 -2.97914600372314453 -3.32142639160156250 -3.71395111083984375 -4.16508388519287109 -4.68431711196899414 -5.28198099136352539 -5.96836376190185547 -6.75163984298706055 -7.63354110717773438 -8.60131931304931641 -9.61548233032226563 -10.59767913818359375 -11.43200397491455078 -11.99320411682128906 -12.19396305084228516 -12.02311611175537109 -11.55542182922363281 -10.93074321746826172 -10.30737209320068359 -9.80769729614257813 -9.48584175109863281 -9.33024501800537109 -9.28817558288574219 -9.29295635223388672 -9.28360271453857422 -9.21518135070800781 -9.06192207336425781 -8.81570911407470703 -8.48215389251708984 -8.07585716247558594 -7.61595344543457031 -7.12253713607788086 -6.61420011520385742 -6.10663175582885742 -5.61206912994384766 -5.13933324813842773 -4.69421243667602539 -4.28000164031982422
-2.12188816070556641 -2.34079742431640625 -2.58875608444213867 -2.87028455734252930 -3.19061660766601563 -3.55575156211853027 -3.97244095802307129 -4.44803333282470703 -4.99004125595092773 -5.60517692565917969 -6.29746580123901367 -7.06490564346313477 -7.89430189132690430 -8.75490474700927734 -9.59387493133544922 -10.33913326263427734 -10.91377067565917969 -11.25884628295898438 -11.35416221618652344 -11.22697162628173828 -10.94438457489013672 -10.59163665771484375 -10.24506664276123047 -9.95208740234375000 -9.72556591033935547 -9.55081367492675781 -9.39825630187988281 -9.23551940917968750 -9.03587150573730469 -8.78243255615234375 -8.46895122528076172 -8.09831333160400391 -7.67992448806762695 -7.22686100006103516 -6.75337076187133789 -6.27301788330078125 -5.79752492904663086 -5.33622503280639648 -4.89597129821777344 -4.48133182525634766 -4.09494066238403320
-2.05311942100524902 -2.25977015495300293 -2.49280977249145508 -2.75607085227966309 -3.05389666557312012 -3.39112615585327148 -3.77300548553466797 -4.20495080947875977 -4.69205904006958008 -5.23820447921752930 -5.84450340270996094 -6.50697278976440430 -7.21343994140625000 -7.94040632247924805 -8.65157794952392578 -9.30039310455322266 -9.83789253234863281 -10.22440052032470703 -10.44063949584960938 -10.49343681335449219 -10.41331005096435547 -10.24455356597900391 -10.03178119659423828 -9.80842399597167969 -9.59116077423095703 -9.38083457946777344 -9.16758346557617188 -8.93722534179687500 -8.67666339874267578 -8.37729263305664063 -8.03632736206054688 -7.65650749206542969 -7.24480819702148438 -6.81075906753540039 -6.36482429504394531 -5.91710901260375977 -5.47649002075195313 -5.05015563964843750 -4.64347362518310547 -4.26008605957031250 -3.90213036537170410
-1.98131048679351807 -2.17543482780456543 -2.39330911636352539 -2.63811659812927246 -2.91337466239929199 -3.22287654876708984 -3.57055759429931641 -3.96022915840148926 -4.39511060714721680 -4.87706470489501953 -5.40545368194580078 -5.97559070587158203 -6.57696294784545898 -7.19174051284790039 -7.79447603225708008 -8.35399150848388672 -8.83786869049072266 -9.21873474121093750 -9.48031711578369141 -9.62095928192138672 -9.65308284759521484 -9.59872722625732422 -9.48284721374511719 -9.32693672180175781 -9.14505577087402344 -8.94303035736083984 -8.72022056579589844 -8.47254371643066406 -8.19551467895507813 -7.88648080825805664 -7.54575538635253906 -7.17674827575683594 -6.78538227081298828 -6.37915134429931641 -5.96612119674682617 -5.55407428741455078 -5.14990282058715820 -4.75925731658935547 -4.38642358779907227 -4.03436470031738281 -3.70486474037170410
-1.90725493431091309 -2.08878111839294434 -2.29149961471557617 -2.51800251007080078 -2.77107334136962891 -3.05360579490661621 -3.36845278739929199 -3.71816754341125488 -4.10459899902343750 -4.52829170227050781 -4.98767280578613281 -5.47806596755981445 -5.99069118499755859 -6.51198720932006836 -7.02371358871459961 -7.50427436828613281 -7.93137216567993164 -8.28552818298339844 -8.55349540710449219 -8.73040866851806641 -8.81990146636962891 -8.83212661743164063 -8.78044605255126953 -8.67795276641845703 -8.53494167327880859 -8.35788631439208984 -8.14983081817626953 -7.91167783737182617 -7.64373207092285156 -7.34697914123535156 -7.02384376525878906 -6.67837953567504883 -6.31601238250732422 -5.94301605224609375 -5.56591176986694336 -5.19092369079589844 -4.82356882095336914 -4.46840858459472656 -4.12895345687866211 -3.80768132209777832 -3.50613260269165039
-1.83172929286956787 -2.00076675415039063 -2.18856787681579590 -2.39720344543457031 -2.62882757186889648 -2.88558840751647949 -3.16947865486145020 -3.48210787773132324 -3.82436990737915039 -4.19599628448486328 -4.59499597549438477 -5.01703882217407227 -5.45490407943725586 -5.89818859100341797 -6.33352279663085938 -6.74547719955444336 -7.11817502975463867 -7.43734359741210938 -7.69230747222900391 -7.87733888626098633 -7.99195051193237305 -8.04007244110107422 -8.02842426300048828 -7.96465444564819336 -7.85581064224243164 -7.70750236511230469 -7.52380609512329102 -7.30771923065185547 -7.06185770034790039 -6.78910493850708008 -6.49303340911865234 -6.17803096771240234 -5.84916973114013672 -5.51190280914306641 -5.17170333862304688 -4.83371591567993164 -4.50249052047729492 -4.18181324005126953 -3.87463760375976563 -3.58309316635131836 -3.30855488777160645
-1.75546991825103760 -1.91228568553924561 -2.08560037612915039 -2.27703619003295898 -2.48822355270385742 -2.72070980072021484 -2.97582650184631348 -3.25449585914611816 -3.55697345733642578 -3.88252139091491699 -4.22903156280517578 -4.59264516830444336 -4.96745014190673828 -5.34537792205810547 -5.71641635894775391 -6.06923151016235352 -6.39217519760131836 -6.67452430725097656 -6.90769243240356445 -7.08609962463378906 -7.20748949050903320 -7.27262639999389648 -7.28452205657958984 -7.24744987487792969 -7.16604995727539063 -7.04473495483398438 -6.88746452331542969 -6.69783115386962891 -6.47931432723999023 -6.23556184768676758 -5.97057247161865234 -5.68874311447143555 -5.39477396011352539 -5.09347963333129883 -4.78955698013305664 -4.48736476898193359 -4.19074773788452148 -3.90292310714721680 -3.62643408775329590 -3.36315631866455078 -3.11434888839721680
-1.67915487289428711 -1.82414627075195313 -1.98355603218078613 -2.15863108634948730 -2.35057401657104492 -2.56046152114868164 -2.78912806510925293 -3.03701043128967285 -3.30395269393920898 -3.58897233009338379 -3.89000916481018066 -4.20369243621826172 -4.52517843246459961 -4.84813165664672852 -5.16490650177001953 -5.46697521209716797 -5.74557638168334961 -5.99248933792114258 -6.20079946517944336 -6.36547994613647461 -6.48367214202880859 -6.55462074279785156 -6.57932519912719727 -6.56002902984619141 -6.49971008300781250 -6.40167951583862305 -6.26936244964599609 -6.10623598098754883 -5.91587448120117188 -5.70202350616455078 -5.46864652633666992 -5.21990823745727539 -4.96008396148681641 -4.69342803955078125 -4.42401647567749023 -4.15559625625610352 -3.89147090911865234 -3.63442230224609375 -3.38667869567871094 -3.14992117881774902 -2.92532110214233398
-1.60339057445526123 -1.73705577850341797 -1.88325333595275879 -2.04292106628417969 -2.21692085266113281 -2.40596604347229004 -2.61052703857421875 -2.83070659637451172 -3.06609582901000977 -3.31560921669006348 -3.57731771469116211 -3.84830808639526367 -4.12459754943847656 -4.40115165710449219 -4.67203092575073242 -4.93068885803222656 -5.17039871215820313 -5.38475847244262695 -5.56818962097167969 -5.71633815765380859 -5.82630825042724609 -5.89669895172119141 -5.92746305465698242 -5.91965675354003906 -5.87514972686767578 -5.79636859893798828 -5.68611621856689453 -5.54746723175048828 -5.38371849060058594 -5.19837045669555664 -4.99509286880493164 -4.77767276763916016 -4.54992485046386719 -4.31558609008789063 -4.07820034027099609 -3.84101462364196777 -3.60689377784729004 -3.37826919555664063 -3.15711498260498047 -2.94495320320129395 -2.74288201332092285
-1.52870440483093262 -1.65161514282226563 -1.78536736965179443 -1.93064844608306885 -2.08805298805236816 -2.25802111625671387 -2.44075989723205566 -2.63615059852600098 -2.84364008903503418 -3.06212544441223145 -3.28984594345092773 -3.52429628372192383 -3.76218700408935547 -3.99947381019592285 -4.23147392272949219 -4.45307683944702148 -4.65903425216674805 -4.84429883956909180 -5.00435972213745117 -5.13552951812744141 -5.23512983322143555 -5.30156564712524414 -5.33428859710693359 -5.33367729187011719 -5.30088138580322266 -5.23765802383422852 -5.14623546600341797 -5.02920579910278320 -4.88944864273071289 -4.73006486892700195 -4.55431318283081055 -4.36553859710693359 -4.16708612442016602 -3.96221089363098145 -3.75398921966552734 -3.54523754119873047 -3.33845281600952148 -3.13577079772949219 -2.93895006179809570 -2.74937510490417480 -2.56807684898376465
